      0/49     2.17G   0.02327  0.009684         0   0.03295        14       640    0.8129    0.8874    0.9035    0.6928   0.02164  0.008824         0
      1/49     3.16G   0.02186  0.009729         0   0.03159         9       640    0.7746    0.8981    0.9123       0.7   0.01857  0.008595         0
      2/49     3.16G   0.02111  0.009355         0   0.03046        17       640    0.7387    0.9008    0.9183    0.7021   0.01958  0.008485         0
      3/49     3.16G   0.02045  0.009004         0   0.02946         9       640    0.7157    0.9115    0.9217    0.7094   0.01728  0.008322         0
      4/49     3.16G   0.02025  0.008286         0   0.02854         7       640    0.7127    0.9169    0.9248    0.7158   0.01874  0.008254         0
      5/49     3.16G   0.01999  0.008996         0   0.02899        11       640     0.715    0.9249     0.929    0.7186    0.0186  0.008124         0
      6/49     3.16G   0.02069  0.009725         0   0.03041        22       640     0.697    0.9249    0.9281    0.7235   0.01973   0.00814         0
      7/49     3.16G   0.02014  0.008366         0    0.0285        11       640    0.7288    0.9276    0.9328    0.7261   0.01726  0.007891         0
      8/49     3.16G   0.01874  0.007784         0   0.02652        10       640    0.7225     0.933    0.9337    0.7262   0.01728   0.00785         0
      9/49     3.16G    0.0206   0.00857         0   0.02917        14       640    0.6938     0.933    0.9316    0.7267   0.01684  0.007958         0
     10/49     3.16G   0.02005  0.007694         0   0.02774         8       640    0.7546    0.9357    0.9388    0.7277   0.01836  0.007698         0
     11/49     3.16G   0.02066  0.008607         0   0.02927         9       640     0.743    0.9383    0.9394    0.7321   0.01712  0.007625         0
     12/49     3.16G   0.01911  0.008321         0   0.02743        20       640    0.7487    0.9357    0.9403    0.7377   0.01584  0.007543         0
     13/49     3.16G   0.01828  0.008208         0   0.02648        12       640    0.7573    0.9368    0.9398    0.7348   0.01531  0.007515         0
     14/49     3.16G     0.024  0.007754         0   0.03175        14       640    0.7785    0.9383    0.9395    0.7334   0.02363  0.007637         0
     15/49     3.16G   0.02439  0.008002         0    0.0324         9       640    0.7762    0.9383    0.9421    0.7342   0.02472  0.007673         0
     16/49     3.16G    0.0242  0.008781         0   0.03299         8       640    0.7579     0.941    0.9431    0.7379   0.01831  0.007574         0
     17/49     3.16G   0.02266    0.0083         0   0.03096        13       640    0.7799    0.9383    0.9436    0.7372   0.01803  0.007522         0
     18/49     3.16G    0.0223  0.007681         0   0.02998        10       640    0.7757     0.941    0.9424    0.7311   0.02243  0.007735         0
     19/49     3.16G   0.02318  0.009318         0    0.0325        18       640    0.7674     0.941    0.9446    0.7352   0.02095  0.007578         0
     20/49     3.16G   0.02304   0.00802         0   0.03106        11       640    0.7846    0.9437     0.946    0.7398   0.02378  0.007484         0
     21/49     3.16G    0.0234  0.007886         0   0.03128         8       640    0.7858    0.9437    0.9457    0.7389   0.02216   0.00752         0
     22/49     3.16G    0.0217  0.007649         0   0.02935        16       640    0.8146    0.9437    0.9467     0.744   0.01757  0.007332         0
     23/49     3.16G    0.0211  0.007995         0   0.02909        18       640    0.8184    0.9437    0.9474    0.7387    0.0206  0.007344         0
     24/49     3.16G    0.0218  0.007914         0   0.02971         7       640    0.7793     0.941    0.9474    0.7442   0.02232  0.007529         0
     25/49     3.16G   0.02262  0.007164         0   0.02978         6       640    0.7964     0.941    0.9463    0.7283   0.02697  0.007677         0
     26/49     3.16G   0.02352  0.008538         0   0.03206        10       640    0.7896    0.9464    0.9488    0.7501   0.01756  0.007315         0
     27/49     3.16G   0.02138  0.007998         0   0.02938        13       640    0.8251    0.9464    0.9502    0.7502   0.02408  0.007359         0
     28/49     3.16G   0.02388  0.008173         0   0.03205        14       640    0.8364    0.9437    0.9507    0.7528   0.01914  0.007242         0
     29/49     3.16G   0.02167  0.007589         0   0.02926         9       640    0.8399    0.9437    0.9514    0.7562   0.01784   0.00717         0
     30/49     3.16G    0.0209  0.007448         0   0.02835         6       640    0.8244    0.9437    0.9504    0.7556   0.01826  0.007234         0
     31/49     3.16G   0.02188  0.007722         0    0.0296         9       640    0.8597    0.9437    0.9508    0.7558   0.02056  0.007166         0
     32/49     3.16G   0.02059  0.007949         0   0.02853        11       640    0.8326    0.9437    0.9527    0.7566   0.01871  0.007172         0
     33/49     3.16G   0.02068  0.007498         0   0.02817         9       640    0.8345    0.9437    0.9532    0.7601   0.01686  0.007034         0
     34/49     3.16G   0.01977  0.007742         0   0.02751        11       640    0.8312    0.9437    0.9533    0.7652    0.0162  0.007027         0
     35/49     3.16G   0.02026  0.007758         0   0.02802        11       640    0.8131    0.9491    0.9528    0.7522   0.01674  0.007077         0
     36/49     3.16G   0.02025  0.007498         0   0.02775        22       640    0.8313    0.9491    0.9538     0.766   0.01986  0.007045         0
     37/49     3.16G   0.02004  0.007807         0   0.02784        11       640    0.8171    0.9517    0.9548    0.7617   0.01625  0.006981         0
     38/49     3.16G   0.01831  0.007561         0   0.02587         7       640    0.8482    0.9464    0.9543    0.7712   0.01506  0.006881         0
     39/49     3.16G    0.0191  0.007312         0   0.02641         9       640    0.8321    0.9491    0.9556    0.7609    0.0207  0.007025         0
     40/49     3.16G    0.0205  0.007481         0   0.02798        14       640    0.8032    0.9491    0.9572    0.7655   0.01465  0.006851         0
     41/49     3.16G   0.01717  0.007287         0   0.02446        13       640    0.7884    0.9517    0.9561    0.7678   0.01377  0.006822         0
     42/49     3.16G   0.02001  0.007612         0   0.02762        10       640    0.8009    0.9517    0.9552    0.7604   0.01859  0.006994         0
     43/49     3.16G   0.02325  0.008034         0   0.03128        12       640     0.818    0.9491    0.9542    0.7563   0.02334  0.007155         0
     44/49     3.16G   0.02345  0.007803         0   0.03125        19       640    0.8364    0.9491    0.9567     0.764   0.01987  0.006952         0
     45/49     3.16G    0.0238  0.007786         0   0.03158        18       640    0.8357    0.9517    0.9567    0.7736   0.02263  0.006958         0
     46/49     3.16G   0.02388   0.00732         0    0.0312        15       640    0.8487    0.9517     0.958    0.7714   0.02138   0.00689         0
     47/49     3.16G    0.0229  0.008024         0   0.03092        14       640    0.8409    0.9517    0.9584    0.7723   0.01916  0.006936         0
     48/49     3.16G   0.02132  0.007291         0   0.02861         5       640    0.8304    0.9517    0.9608    0.7666   0.01963  0.006965         0
     49/49     3.16G   0.02063  0.007595         0   0.02822        14       640    0.8263    0.9517     0.959     0.772   0.01838  0.006888         0
