      0/49     2.12G   0.01796  0.008551         0   0.02651        37       640    0.7307    0.9646    0.9649    0.7912    0.0139  0.006954         0
      1/49     3.14G    0.0176  0.008081         0   0.02568        16       640    0.7074    0.9682    0.9652    0.7963   0.01377  0.006907         0
      2/49     3.14G   0.01731  0.007827         0   0.02514        26       640    0.7348    0.9664    0.9667    0.7978   0.01345   0.00672         0
      3/49     3.14G   0.01792  0.008325         0   0.02624        26       640    0.7628    0.9664    0.9676    0.7995   0.01358  0.006567         0
      4/49     3.14G   0.02095  0.008325         0   0.02928        19       640    0.7497    0.9701    0.9701    0.7869   0.02268  0.006854         0
      5/49     3.14G   0.02217  0.007664         0   0.02984        27       640    0.7538    0.9728    0.9712    0.8022   0.01905  0.006715         0
      6/49     3.14G   0.02213  0.007906         0   0.03004        17       640    0.7747    0.9719    0.9712    0.7918   0.01687  0.006714         0
      7/49     3.14G    0.0224  0.008073         0   0.03047        30       640    0.7388    0.9755    0.9727    0.7844   0.01852   0.00682         0
      8/49     3.14G   0.02304   0.00811         0   0.03115        28       640    0.7989    0.9728    0.9757    0.7757   0.01939  0.006768         0
      9/49     3.14G   0.02245  0.008128         0   0.03058        21       640    0.8184    0.9746    0.9743    0.7483   0.01805  0.006829         0
     10/49     3.14G   0.02196  0.007875         0   0.02984        32       640    0.7983    0.9601    0.9649    0.7646   0.01844  0.007341         0
     11/49     3.14G   0.02324  0.008175         0   0.03142        34       640    0.8351    0.9719    0.9762     0.781   0.01934  0.006608         0
     12/49     3.14G   0.02233  0.007666         0      0.03        33       640    0.7624    0.9791    0.9767    0.7185   0.02657  0.007341         0
     13/49     3.14G   0.02628  0.008041         0   0.03433        23       640    0.8315    0.9755    0.9778    0.7464   0.02033   0.00679         0
     14/49     3.14G   0.03102  0.008443         0   0.03947        43       640    0.7824    0.9782    0.9776    0.7537   0.02437  0.007108         0
     15/49     3.14G    0.0283  0.008363         0   0.03666        20       640    0.7747      0.98    0.9777     0.719   0.02051  0.007229         0
     16/49     3.14G   0.02685  0.008362         0   0.03521        27       640    0.7932    0.9737    0.9746    0.7478   0.01742  0.007184         0
     17/49     3.14G   0.02577  0.008554         0   0.03433        28       640    0.7942    0.9809    0.9794    0.7176   0.01996  0.007244         0
     18/49     3.14G   0.02476  0.007969         0   0.03273        33       640    0.8023    0.9746    0.9786    0.6329   0.02645   0.00748         0
     19/49     3.14G   0.02711  0.008343         0   0.03545        32       640    0.8402    0.9764    0.9797    0.7912   0.01751  0.006964         0
     20/49     3.14G   0.02489  0.008581         0   0.03347        25       640    0.8282      0.98    0.9816     0.747   0.02119  0.006904         0
     21/49     3.14G   0.02453   0.00841         0   0.03294        23       640    0.8598    0.9782    0.9779    0.7183    0.0196   0.00692         0
     22/49     3.14G   0.02602  0.008308         0   0.03433        23       640    0.8303    0.9819    0.9844    0.7653   0.01963  0.006862         0
     23/49     3.14G   0.02738  0.008389         0   0.03577        37       640    0.8527      0.98    0.9821    0.6342   0.02106  0.007069         0
     24/49     3.14G   0.02744  0.008339         0   0.03578        22       640    0.8276    0.9773    0.9815    0.7093   0.02027  0.007156         0
     25/49     3.14G   0.02598   0.00822         0    0.0342        25       640     0.742    0.9828    0.9828    0.7178   0.01962  0.007276         0
     26/49     3.14G   0.02467   0.00808         0   0.03275        24       640    0.7503    0.9837    0.9826    0.7281   0.01922  0.006997         0
     27/49     3.14G   0.02409  0.008173         0   0.03226        21       640    0.7929    0.9846    0.9852    0.7382   0.01726  0.006806         0
     28/49     3.14G   0.02302  0.008231         0   0.03125        28       640    0.8441    0.9791    0.9861    0.6868   0.01925  0.006753         0
     29/49     3.14G   0.02184  0.007663         0   0.02951        21       640    0.8382    0.9846    0.9875    0.7519   0.01681   0.00649         0
     30/49     3.14G   0.02128  0.007449         0   0.02873        27       640    0.8947    0.9809    0.9872    0.7921   0.01543  0.006487         0
     31/49     3.14G   0.01968  0.007359         0   0.02704        21       640    0.8452    0.9846    0.9879    0.7862   0.01464   0.00624         0
     32/49     3.14G   0.01964  0.007741         0   0.02738        30       640    0.8519      0.98    0.9855     0.779   0.01645  0.006351         0
     33/49     3.14G   0.01902  0.007143         0   0.02616        29       640    0.8317    0.9846    0.9881    0.7918    0.0143  0.006155         0
     34/49     3.14G   0.01892   0.00718         0    0.0261        19       640    0.8475    0.9873    0.9922    0.8085   0.01402  0.005912         0
     35/49     3.14G   0.01716  0.007065         0   0.02422        26       640    0.8846    0.9855    0.9919    0.8013   0.01367  0.005808         0
     36/49     3.14G    0.0169   0.00682         0   0.02372        26       640    0.8406    0.9864    0.9922    0.8218   0.01276  0.005701         0
     37/49     3.14G   0.01555  0.006603         0   0.02216        20       640    0.8888    0.9846    0.9918    0.8197   0.01315  0.005582         0
     38/49     3.14G   0.01683  0.006787         0   0.02362        23       640    0.8879    0.9873     0.993    0.8257   0.01237  0.005466         0
     39/49     3.14G   0.01504  0.006508         0   0.02155        27       640     0.876    0.9882    0.9931    0.8293   0.01236  0.005426         0
     40/49     3.14G   0.01542  0.006486         0   0.02191        23       640     0.902    0.9819    0.9888    0.8351   0.01204   0.00546         0
     41/49     3.14G   0.01451  0.006415         0   0.02092        29       640    0.8621      0.99    0.9931    0.8379   0.01149  0.005259         0
     42/49     3.14G   0.01442  0.006401         0   0.02083        27       640    0.8867    0.9873    0.9924    0.8273   0.01252    0.0053         0
     43/49     3.14G   0.01359  0.006177         0   0.01977        10       640    0.8691    0.9891    0.9927    0.8497   0.01073  0.005067         0
     44/49     3.14G   0.01367  0.006114         0   0.01978        24       640    0.8935    0.9882    0.9929    0.8501   0.01099  0.005016         0
     45/49     3.14G   0.01322  0.006074         0    0.0193        20       640    0.9047    0.9846     0.993    0.8519   0.01079   0.00498         0
     46/49     3.14G   0.01353  0.006207         0   0.01973        29       640    0.9023    0.9864    0.9934    0.8492   0.01062  0.004944         0
     47/49     3.14G     0.013  0.006018         0   0.01902        19       640    0.8902    0.9858    0.9912    0.8497   0.01044  0.004945         0
     48/49     3.14G   0.01381  0.006239         0   0.02005        27       640    0.8872    0.9846    0.9922    0.8526   0.01064  0.004921         0
     49/49     3.14G   0.01312   0.00592         0   0.01904        28       640    0.8852    0.9882    0.9932    0.8598   0.01008  0.004817         0
